1000
922492444793028089
337003533522504698
962617619642448788
239339333231130565
701596352887089976
709655742728683676
339962551361227572
314314848957002633
396994689752138877
376225360032804017
908910628157821249
357487901293654325
475156390829374325
549255024403704506
986546994010726532
26346376718328615
875607823366765735
176173881100649278
788010169465825766
895157122750451035
352775102182736560
468731952689045732
791227085249885915
244236539838418966
870088906451560325
802100847480888263
986819837805452542
767475353015639810
682473013176303547
400180111765644686
79122483236052456
14864695976157924
395666300986577630
513449345412181919
669201124285848549
441769154936700319
698831307672583859
708989442673966031
693340064751232651
513045134539984275
354579267211909624
71708952145756833
182791265043854645
10034986515045714
431412445281734208
441117868311572011
777552205250733512
939097836918948433
890264025543564552
565594571542994397
600650155282896447
572277179355137939
612756193490881532
700012196140253672
234309242739227274
906996802446456847
337222182558011871
327171651367649083
635334852889114585
627533497277927842
835351453433601283
104261151028201820
549304222322372083
517844605248899733
48414153813459781
836489213235855614
284647353082545426
4116851021171867
828879761814999816
579431117919463695
754183131419919322
928292125831569493
999299620016175414
689868753530645222
892760279406031836
848333103145440279
778169977014430525
818378260047597470
694071430272757175
753940529516787540
460076009445161474
185942620012400789
789801647722544032
216491051385461577
674911383322387299
819233744433049941
37008464006495918
275197780288992724
430542165798463102
387538834367090475
888092935909200934
446530405718716068
292972562028135170
519839074101624150
785622999268404133
716366937519844502
537843200338798378
885204943490788352
933409022308800390
316831412452121043
664891943525898437
779442924914530674
682882253519706985
403007765943318622
34419768388978320
111649617391580863
664920988027212307
106740345630888114
253127579791378113
780866665355212689
654464468675661336
201281080961870591
513708310536962817
483397068082425312
658236236389932633
801929239946351046
890618103730448571
77857525588690157
486208173443014735
590962712623631359
471730039429268374
587316870861972436
932920937935364260
485783960601989113
351809870825415389
312938342370603167
206549890752515525
424975149109162531
587525866427846056
62912997837023238
171016125762410057
828169280791018698
854444801896127040
924132203073247576
299346642917175501
675889406656337425
348527489004400651
548866297869843071
56056512172331956
916088045703255056
114246987841242364
238754365325359483
66451171967596386
363556149304513489
60829848157745770
355921680880470186
223241755472479823
632267804630106016
254823364312104709
852884373255604840
744529308532187993
744831879095796390
769559727329242153
178652009467959583
402564063413176459
50653177665570737
597602914337457918
778820384076185864
534125656783696597
147366462380926635
387199152928813078
942277703571309545
662918306619959913
543730978181490804
311632585695018437
436269666899233242
666228875375282711
996773047804173921
104077453046430101
949014132389451980
538651432930532532
937920532866905943
297818517556178879
939908993024441233
965974337677956702
760342726320781108
742400354439255440
436856377373147781
453127836574764352
435780561598869067
276689802620053371
297943960963053010
328967136674208935
707522002072630433
382989666637053306
712653063268384124
211287423831653317
1184274876401113
322776896245892383
889830432302157420
543020323791617728
116231542560102115
731398971626240049
845701433803874485
519395435130320741
691499501099071028
315818149182610633
523431045092005103
942617690085688691
30072632383404236
488820665563871453
224712201915471043
997612498060873772
60224961440730194
975394302190922871
824646851363254843
151024307723092313
65503400208655138
375371603629297325
149474410058289255
960689243589527191
846399248266071946
919576401249275107
746536810277690249
689039287694791460
819808323225754555
500380517522108231
972762083036976355
327097149686413013
465905607087848303
195326283198148110
319246169939228267
141846021142549638
133326415135100165
809320316674379045
948716732018262577
44221100692780548
853809137236371873
893607337874936199
723905326246169048
401760887570442923
680201824795892439
594084699598825788
622484924228341688
775436631244569724
722771887002508088
731082294579389810
711749716561072066
622014627090535679
217955652423343656
161115727017856281
578382053330991266
227983926692033596
117102754128026939
766347445942852645
672233408269925667
859941862210760117
240320875218396863
28103847791821766
201195437238950645
130155929829335252
104133443647912313
141846275519504540
857440445660823994
457318345752161052
399392395366025582
359325521925514270
584705098692728197
280380985167580359
719552017381536673
438068513458844865
884467358797106572
221339002251613205
660781921813333058
749339444164864570
985528105152026443
673090271552803690
621262842323748063
736350548710414215
17838272506149278
134821847539652646
402068815883061928
339823949326687532
734717857755465619
976877176929344808
858649497962846547
551306554807591951
794066976631481332
745529239098794048
533085870072662139
642920489052927791
905431971868679925
769081353476553349
564281695953636245
122365806097253395
391471655140207720
318925883737653769
844703453005774955
952207699730979938
905335496675292877
976080057307416973
447914353240927211
228518350786424850
191339258708686565
658218912506002487
561260753535116607
416110004624114156
839988240721458916
898081643802584451
495196631357063503
764862661748938161
789464878041824668
908389004509124705
863230632607043107
268621962339280487
211166481901084052
91761229368267495
840288291920516434
694134293259980122
309978874140977176
548946509339083916
174543452324919704
396330580160402984
12456920492625436
494103166779916211
105264220404438088
497096308714517732
644710367227822056
229017284129186164
932019339513974073
63902707662760162
401074879190247241
680115574784830552
75341400394268642
67500579741397332
808268014151658872
546784255552473024
385158783443263962
775292472821745339
933168162367873558
58734719865819441
38011208839092802
999794848010745397
525431655306014844
962880255876617847
589936834630086744
546841871293349248
921258454594834925
298585134351158057
548281575259426122
236012396875981435
66789611466849823
35014435778381217
605241455619690131
486246560625284477
25444504241852160
73215594040770964
676944794083227309
261673516060490674
802721849639553793
541905162914924024
188607996548604960
225261353099463954
61004321429583174
650834107146402176
878011633043770020
735103540762249589
117495929173952325
828881685728729435
379280513151881082
263122786215497631
573018326151910869
889572299174387447
843068912186943730
668437542551859407
165254697653529538
650083148789093578
859368978080145608
895925200278884570
200115232727814117
740161462958050243
134511377158828193
694035322004572271
665851775212522938
11581696029409135
914800360219467357
174152878080801304
562306022358016989
302111008082209761
53063457044767019
200451539864049302
823708141688359928
166042051099160913
869045157841532965
279219913884505790
206294809404531798
344670614510089683
548796007936056864
677107638136133945
164039745456660169
605136672662879153
411715260557415227
113804809190682990
225014375611526706
803542215108267609
640572078087470294
426274340991440747
152311255772598107
237334802673902567
742564161342517359
312009934188915217
441071529767755304
429161415930624709
687333523136036316
662719669477135077
627138764999575845
454736524800340440
594899695676722231
483591179377584176
756578062105798159
569119511964049146
74703401642380703
52625780362216810
962016968543699133
538746264194939997
52009138328705542
639921088350040085
67458793528340877
582089903937379905
532285093070160221
103278100075792820
208808638029098543
230906367256957331
624139228483970450
964823412529892884
125477728587902078
324004776427622171
242639061650857891
928900238659600327
787921035430665899
75167871366027534
1795964690711332
637305639567929159
544340970915016283
764711781439912470
962680171760801947
801569745231127972
563023081167760490
428639356253830891
712935174179321320
679153606675081294
849709689283199882
862467791084973105
213043097431227688
4926025709816489
430630243183505332
675572281072251179
521160439646657503
136180243971466367
456197803079924253
986800452144277874
883852747365775409
753291489593665778
79702943426808625
747152408522949041
444372274195811000
274409167125717171
542621711136771787
754338403830460019
842825336807282604
172401420350881732
242514765683499385
816791459253787837
718526562365090759
147426958974520861
25113959767468392
129666799350112650
367586467878632840
779218909036198014
797391348299373469
837253287385404794
113218580319088331
310963105522518323
298083976867083198
79188555182916377
920435428490677197
373648668990929133
171984711983655355
899469134157272370
624372296387752181
439083681077525729
822030046061094922
97729183607913686
701445911562698443
688414578615699447
371762585176430285
547456389361388138
867964614941046315
332643695309234789
231092091337884416
589640654695748320
836929128662261063
282390074595289762
531977317001380463
480789412235872707
669046612789950412
328094865442628162
221876592377448002
476590718880794258
268811371670876807
81964364791103029
293119294639608003
143095527362004561
837743404802267690
466581247077362372
390773019669685742
965386040726804187
576017632915926318
450310155848328313
896522736223664789
726057033091422108
645200226585969728
951624246089137957
727589350922623283
685056767073842031
540360941537036343
295254686330780463
616812525155167633
204577262947880377
405173774302197289
293060983146814225
11503271175415664
581224107132230899
103406410793212962
983806388442347653
333377986523405735
100437816632654100
254897809623013493
969404429596887785
900176876651997264
952016694762276604
215351368070093076
11285346725721040
820502278220427574
521286108780353588
847638467761650569
755576370327959835
390532140723293203
16488849089176133
610491012481578888
902481006072324383
451542336833728999
905656051676179024
599739233017787641
56318652090023543
951346404041188102
281361236679539829
113288479775531761
497208311007393173
862688094530403621
668948038517245059
23345484924587480
581757452925427221
568975031593916272
24323187943215336
157314399861444109
303692832520828532
930705261432202468
21174230580073161
409601173905417856
822179407850464840
381759219104531003
258710826968449680
527192420127654800
107838372646608918
732857780999120343
329624858732086563
426564030615985771
658893604059912479
762363282401913665
681423160369102807
875989052280978575
337251363947784168
135364487418488549
405110291296682081
582791182852078606
984947892155897200
299087058695226847
326310985357521331
527055029575920951
245227630093655039
188763437684257890
10712604435811727
605969630473473745
748211070327721737
502711309464897317
546799949588994316
446975801658523944
972804303683714879
238196862675806566
45031970562843325
737720354116637754
145598676127197714
360979428574741421
269581650681300062
100283754211702744
382335436464636541
868754103124557546
108163766536935381
132389569908607329
967960386378130041
703931551109241871
834013415893391567
32816936927250442
669553777902941800
47136903209391301
731204579806651553
45889072610166697
339875517767469372
513369405192617481
911362114973718368
340435435168547896
196713415224620880
479024552002442702
879168296762573598
223866779427899316
171738822371111170
448090052147923623
529716171671565517
245725132310025982
299176398674941458
645548575990862499
479293917660826454
575478526843673680
852163518951337973
216858370658933902
494936925588874728
363202387302735078
42763744162680161
568672947500144674
894218345010792673
828428333095514038
654124431817557986
639698508170916756
329978598586242517
299427206254854522
992178228184543479
376483387323372472
307725670546826232
904828082407004533
38324082309124568
957611002985496782
924825450049324091
434641047959098982
966035349115813537
290544243816100704
583125162352311224
970624295737578988
54791902911161602
249684780242407139
784071405748620732
854560020067224669
615172973723212548
973063332856283175
769054293715813252
431410035572282703
297133412287537826
406981246682073256
842464373988918893
709652990677901740
641004093249415839
52098375106604708
808834424759345228
31386325140477915
478844209500102019
572970090113155755
956358923592611072
676521651501367555
40380181595756851
215355605357466753
449051874128402344
788782867550402809
497167427663065240
739590338115195825
194861119507456026
131646876195384516
349703346119043684
850915140991628634
530590217421462931
231818833856047976
257186529885534630
876084813234821339
678605802075745032
637237127048274754
491100727019413079
764549385607288309
378130138683135486
976054388061117097
899830315029788073
454792916766952693
201289046934740429
849484578399979222
796719842393932619
739972015052640994
577950188027331500
132190615994008589
645828210583272318
303268573212990398
391524321235139271
161685177375350953
307328620719912380
884683700175941689
927305885551546789
103324160680814549
704149859310389525
964941729743549878
605089290711219395
460344667038431549
866333905089738911
449917522935493219
519692692512893503
469256307455078182
280488316882694216
259449060976546342
322787274991403823
743762053409707565
114549547711699657
517699786281801611
441063052201224439
465252883307558770
824712126625841075
765710693008844364
630730836851502617
674917534215480135
415646976542728808
520062892033953633
728035389048178324
360951595246783066
270130788691446346
745740839884537978
948676545302260892
173308265083108287
870412776474091415
441716764671913863
950691106299374060
102532921604621233
323296680856987710
696027001740853255
937721269509386810
138719365969501660
376810891777015380
974701532474145174
389423539313428229
25989795890124548
475005089858784233
232940729265640549
406040956470001851
129387181977303305
43920716189709573
253097359776359704
603192457397380613
958119017931561068
467605457375949908
416451206304684404
327418327744362281
174867365517427437
704349445939201206
548249391601444751
134218404323261072
632257804455930421
296933649003429938
36529085692339879
182440475585646834
724636908371474530
336717057960110027
352478838888602179
852572325242612241
833371776915190801
807791127889617612
922031889151937183
479587713492746882
924572158532282861
403940514290888964
803706659217149919
969262766229642583
675664879832755126
30431835638464510
86124269153559647
53920882827463987
554106041035665227
76620257213261997
504740034036666074
400865516839904705
804034581103629540
435892413631162465
577614191663250545
340908623465815150
647766912833410750
628930137221643511
653855690871174403
308611780915058000
323512555509945680
285800539240618082
637464504025367694
959606098260643870
718634596194837676
308022029011490489
904597541545347318
834699355180365900
320348868083927931
437096992480847012
609817056211519383
732207091733031676
526164156473829703
956460726553114487
623654545421437897
732904627228115608
980529680301975422
479138768679569574
240028652170159347
137863206953632548
721020829103890800
450270600808776263
217790402566360438
559371743885763809
971832691985827323
381307344868462610
731741051816086386
107475801225009311
872972831727767400
572819331870112751
202074427163411776
456501492518101126
248288707034443304
997813178377518037
801363678820526117
278180263923867956
509321986955750861
815387101758596839
247988601986368981
901349976880894234
300563172891881152
349084970761352305
368179929239993350
501875755204699776
260988633043078563
689188960819835573
613608096557575211
914718991572798208
882843792507685090
58555403738821786
196814179381137116
14932856422365790
914133092352512776
68724667424272453
778649337990398707
177368334811024317
303820672194445299
710005712263743168
846794345503546928
355374795826312605
632594172025545159
1749745393029455
680576093773047265
752211193312290467
696795065651158926
794282811314197811
899459058128473771
877863889076888620
409841948053207549
517776040914845238
451043217951416125
910298945277645220
294314552801254753
94273329003874909
201234266317761203
553151484350876884
439896208553848678
862394842051572255
158476827450839976
590455145943099601
691312277837511834
109871712930797626
979301645348904895
651845300408207375
264990557504909278
484416146762667041
743310502628397384
222488392942482414
319724195808457923
391767555109146062
944856906487126615
372114836593947617
129432941378758903
877601384092395219
666295249452608887
95341056805432658
707789269309242259
455966539050718829
739475510546817016
223546405699761698
34762400989365307
551700075565012186
515820935645227574
139873268046206518
466037366714086423
481229727949009251
86754570168719451
521244755280179131
846138952699823999
391427031683378084
565170678474809961
906359883156570448
543514285845328871
737251817551810073
859036358786863082
333430262070727757
390949042396127082
767268982309051455
377580749702517133
220978759589378468
73791520298696678
399343622530056491
24423706108336139
483299621616030923
101725005683703005
197963026871365743
961471265225438333
27608796790964363
943486995229926950
657086667646750000
1220078745118386
2372091216221649
910850466171766626
360971437304341685
731608906281890090
877941872246114019
226645214090478907
763864172635991359
919589259066114932
296726543269888100
52777341110939047
681677334723736017
552299110847883359
445858001191304734
872671040241081650
931665493365645653
953372510106948293
934068920633974553
911840087496725003
639800926903263264
44702781007442267
236534159727275492
798093320473591971
724961458924315332
740300599328897271
948640250917056451
443625326061370158
237008275778233787
156601150911643674
726330796564037027
304409271844688815
267159360425782695
990315293265315499
127239236380495907
350359686540129686
953868325038132136
736174758334264436
570204604979401355
488584655114745937
102424031266553722
736835854680011290
649577790937855236
429450243817885429
378015948454469732
868260776473242094
629114771530988999
328300740370980020
726185249159811095
703539363883037933
926540912044730666
750839682070874472
954240664526909762
725232735525760504
732793761261684944
582385116176591603
952814829057776054
547634338380871219
185266204418612315
331470842167276464
340228379843114794
193661378631481132
795487652970659632
753614955478156787
770400214666985805
354759136743431042
390380043818828650
868296164722208393
851186010579769087
581193841293147048
911468136369383912
463433611803332823
890130538121292534
427543099453878994
805281415025347800
176503744344555525
219682807095021021
410219674533238276
865280151062169226
339540640657648998
