24 80
22 4
3 22
15 22
8 22
6 3
23 22
9 23
10 9
18 9
2 22
5 2
12 4
1 4
16 15
17 8
13 8
21 10
14 2
11 4
7 13
19 21
24 21
20 3
2 3
2 6
1 2 7 881855561
2 10
2 5
1 23 24 249340703
1 8 11 94483720
2 18
1 8 18 564059715
1 22 13 555225480
2 1
1 23 21 265350378
1 14 4 847415239
1 18 8 972656130
1 9 4 2863576
2 9
2 11
2 22
2 16
2 8
1 2 13 664834626
1 21 17 850795300
1 4 12 737701954
2 3
1 20 17 634444877
2 4
1 15 21 388773507
2 19
1 11 16 316337887
1 6 23 563138075
2 14
2 15
2 11
1 2 17 661822673
2 12
2 23
1 5 1 921123480
1 11 16 811823038
1 8 7 947287554
1 18 12 38006853
1 18 18 795467195
1 13 23 768291435
1 14 13 88949168
2 18
2 19
2 18
1 6 10 688361413
1 18 17 824048003
1 10 13 915212555
2 6
2 6
1 9 2 246165617
2 4
1 23 24 706941473
2 21
2 16
1 21 4 204124133
1 3 4 374062480
1 11 22 956037043
2 17
2 8
1 23 12 311191609
1 11 1 755541590
1 22 3 635783522
1 22 15 945924046
1 20 16 423673437
1 15 21 61449382
1 24 8 338217878
1 20 8 485678059
2 5
2 10
2 1
2 9
1 17 21 76887222
1 12 19 118125102
2 17
1 23 6 885298320
1 7 13 628314354
1 10 17 973452564
2 23