/Users/whoami/CLionProjects/olymp_gcc/cmake-build-debug/olymp_gcc -local-no-fast-io
(2, 1)
(3, 2)
(4, 2)
(5, 2)
(6, 3)
(7, 3)
(8, 3)
(9, 3)
(10, 4)
(11, 4)
(12, 4)
(13, 4)
(14, 4)
(15, 5)
(16, 5)
(17, 5)
(18, 5)
(19, 5)
(20, 5)
(21, 5)
(22, 6)
(23, 6)
(24, 6)
(25, 6)
(26, 6)
(27, 6)
(28, 6)
(29, 6)
(30, 6)
(31, 6)
(32, 7)
(33, 7)
(34, 7)
(35, 7)
(36, 7)
(37, 7)
(38, 7)
(39, 7)
(40, 7)
(41, 7)
(42, 7)
(43, 7)
(44, 7)
(45, 7)
(46, 8)
(47, 8)
(48, 8)
(49, 8)
(50, 8)
(51, 8)
(52, 8)
(53, 8)
(54, 8)
(55, 8)
(56, 8)
(57, 8)
(58, 8)
(59, 8)
(60, 8)
(61, 8)
(62, 8)
(63, 8)
(64, 9)
(65, 9)
(66, 9)
(67, 9)
(68, 9)
(69, 9)
(70, 9)
(71, 9)
(72, 9)
(73, 9)
(74, 9)
(75, 9)
(76, 9)
(77, 9)
(78, 9)
(79, 9)
(80, 9)
(81, 9)
(82, 9)
(83, 9)
(84, 9)
(85, 9)
(86, 9)
(87, 10)
(88, 10)
(89, 10)
(90, 10)
(91, 10)
(92, 10)
(93, 10)
(94, 10)
(95, 10)
(96, 10)
(97, 10)
(98, 10)
(99, 10)
(100, 10)
(101, 10)
(102, 10)
(103, 10)
(104, 10)
(105, 10)
(106, 10)
(107, 10)
(108, 10)
(109, 10)
(110, 10)
(111, 10)
(112, 10)
(113, 10)
(114, 10)
(115, 10)
(116, 10)
(117, 11)
(118, 11)
(119, 11)
(120, 11)
(121, 11)
(122, 11)
(123, 11)
(124, 11)
(125, 11)
(126, 11)
(127, 11)
(128, 11)
(129, 11)
(130, 11)
(131, 11)
(132, 11)
(133, 11)
(134, 11)
(135, 11)
(136, 11)
(137, 11)
(138, 11)
(139, 11)
(140, 11)
(141, 11)
(142, 11)
(143, 11)
(144, 11)
(145, 11)
(146, 11)
(147, 11)
(148, 11)
(149, 11)
(150, 11)
(151, 11)
(152, 11)
(153, 11)
(154, 11)
(155, 12)
(156, 12)
(157, 12)
(158, 12)
(159, 12)
(160, 12)
(161, 12)
(162, 12)
(163, 12)
(164, 12)
(165, 12)
(166, 12)
(167, 12)
(168, 12)
(169, 12)
(170, 12)
(171, 12)
(172, 12)
(173, 12)
(174, 12)
(175, 12)
(176, 12)
(177, 12)
(178, 12)
(179, 12)
(180, 12)
(181, 12)
(182, 12)
(183, 12)
(184, 12)
(185, 12)
(186, 12)
(187, 12)
(188, 12)
(189, 12)
(190, 12)
(191, 12)
(192, 12)
(193, 12)
(194, 12)
(195, 12)
(196, 12)
(197, 12)
(198, 12)
(199, 12)
(200, 12)
(201, 12)
(202, 12)
(203, 13)
(204, 13)
(205, 13)
(206, 13)
(207, 13)
(208, 13)
(209, 13)
(210, 13)
(211, 13)
(212, 13)
(213, 13)
(214, 13)
(215, 13)
(216, 13)
(217, 13)
(218, 13)
(219, 13)
(220, 13)
(221, 13)
(222, 13)
(223, 13)
(224, 13)
(225, 13)
(226, 13)
(227, 13)
(228, 13)
(229, 13)
(230, 13)
(231, 13)
(232, 13)
(233, 13)
(234, 13)
(235, 13)
(236, 13)
(237, 13)
(238, 13)
(239, 13)
(240, 13)
(241, 13)
(242, 13)
(243, 13)
(244, 13)
(245, 13)
(246, 13)
(247, 13)
(248, 13)
(249, 13)
(250, 13)
(251, 13)
(252, 13)
(253, 13)
(254, 13)
(255, 13)
(256, 13)
(257, 13)
(258, 13)
(259, 13)
(260, 13)
(261, 13)
(262, 13)
(263, 13)
(264, 13)
(265, 14)
(266, 14)
(267, 14)
(268, 14)
(269, 14)
(270, 14)
(271, 14)
(272, 14)
(273, 14)
(274, 14)
(275, 14)
(276, 14)
(277, 14)
(278, 14)
(279, 14)
(280, 14)
(281, 14)
(282, 14)
(283, 14)
(284, 14)
(285, 14)
(286, 14)
(287, 14)
(288, 14)
(289, 14)
(290, 14)
(291, 14)
(292, 14)
(293, 14)
(294, 14)
(295, 14)
(296, 14)
(297, 14)
(298, 14)
(299, 14)
(300, 14)
(301, 14)
(302, 14)
(303, 14)
(304, 14)
(305, 14)
(306, 14)
(307, 14)
(308, 14)
(309, 14)
(310, 14)
(311, 14)
(312, 14)
(313, 14)
(314, 14)
(315, 14)
(316, 14)
(317, 14)
(318, 14)
(319, 14)
(320, 14)
(321, 14)
(322, 14)
(323, 14)
(324, 14)
(325, 14)
(326, 14)
(327, 14)
(328, 14)
(329, 14)
(330, 14)
(331, 14)
(332, 14)
(333, 14)
(334, 14)
(335, 14)
(336, 14)
(337, 14)
(338, 14)
(339, 14)
(340, 14)
(341, 14)
(342, 14)
(343, 15)
(344, 15)
(345, 15)
(346, 15)
(347, 15)
(348, 15)
(349, 15)
(350, 15)
(351, 15)
(352, 15)
(353, 15)
(354, 15)
(355, 15)
(356, 15)
(357, 15)
(358, 15)
(359, 15)
(360, 15)
(361, 15)
(362, 15)
(363, 15)
(364, 15)
(365, 15)
(366, 15)
(367, 15)
(368, 15)
(369, 15)
(370, 15)
(371, 15)
(372, 15)
(373, 15)
(374, 15)
(375, 15)
(376, 15)
(377, 15)
(378, 15)
(379, 15)
(380, 15)
(381, 15)
(382, 15)
(383, 15)
(384, 15)
(385, 15)
(386, 15)
(387, 15)
(388, 15)
(389, 15)
(390, 15)
(391, 15)
(392, 15)
(393, 15)
(394, 15)
(395, 15)
(396, 15)
(397, 15)
(398, 15)
(399, 15)
(400, 15)
(401, 15)
(402, 15)
(403, 15)
(404, 15)
(405, 15)
(406, 15)
(407, 15)
(408, 15)
(409, 15)
(410, 15)
(411, 15)
(412, 15)
(413, 15)
(414, 15)
(415, 15)
(416, 15)
(417, 15)
(418, 15)
(419, 15)
(420, 15)
(421, 15)
(422, 15)
(423, 15)
(424, 15)
(425, 15)
(426, 15)
(427, 15)
(428, 15)
(429, 15)
(430, 15)
(431, 15)
(432, 15)
(433, 15)
(434, 15)
(435, 15)
(436, 15)
(437, 15)
(438, 15)
(439, 16)
(440, 16)
(441, 16)
(442, 16)
(443, 16)
(444, 16)
(445, 16)
(446, 16)
(447, 16)
(448, 16)
(449, 16)
(450, 16)
(451, 16)
(452, 16)
(453, 16)
(454, 16)
(455, 16)
(456, 16)
(457, 16)
(458, 16)
(459, 16)
(460, 16)
(461, 16)
(462, 16)
(463, 16)
(464, 16)
(465, 16)
(466, 16)
(467, 16)
(468, 16)
(469, 16)
(470, 16)
(471, 16)
(472, 16)
(473, 16)
(474, 16)
(475, 16)
(476, 16)
(477, 16)
(478, 16)
(479, 16)
(480, 16)
(481, 16)
(482, 16)
(483, 16)
(484, 16)
(485, 16)
(486, 16)
(487, 16)
(488, 16)
(489, 16)
(490, 16)
(491, 16)
(492, 16)
(493, 16)
(494, 16)
(495, 16)
(496, 16)
(497, 16)
(498, 16)
(499, 16)
(500, 16)
(501, 16)
(502, 16)
(503, 16)
(504, 16)
(505, 16)
(506, 16)
(507, 16)
(508, 16)
(509, 16)
(510, 16)
(511, 16)
(512, 16)
(513, 16)
(514, 16)
(515, 16)
(516, 16)
(517, 16)
(518, 16)
(519, 16)
(520, 16)
(521, 16)
(522, 16)
(523, 16)
(524, 16)
(525, 16)
(526, 16)
(527, 16)
(528, 16)
(529, 16)
(530, 16)
(531, 16)
(532, 16)
(533, 16)
(534, 16)
(535, 16)
(536, 16)
(537, 16)
(538, 16)
(539, 16)
(540, 16)
(541, 16)
(542, 16)
(543, 16)
(544, 16)
(545, 16)
(546, 16)
(547, 16)
(548, 16)
(549, 16)
(550, 16)
(551, 16)
(552, 16)
(553, 16)
(554, 16)
(555, 16)
(556, 16)
(557, 16)
(558, 17)
(559, 17)
(560, 17)
(561, 17)
(562, 17)
(563, 17)
(564, 17)
(565, 17)
(566, 17)
(567, 17)
(568, 17)
(569, 17)
(570, 17)
(571, 17)
(572, 17)
(573, 17)
(574, 17)
(575, 17)
(576, 17)
(577, 17)
(578, 17)
(579, 17)
(580, 17)
(581, 17)
(582, 17)
(583, 17)
(584, 17)
(585, 17)
(586, 17)
(587, 17)
(588, 17)
(589, 17)
(590, 17)
(591, 17)
(592, 17)
(593, 17)
(594, 17)
(595, 17)
(596, 17)
(597, 17)
(598, 17)
(599, 17)
(600, 17)
(601, 17)
(602, 17)
(603, 17)
(604, 17)
(605, 17)
(606, 17)
(607, 17)
(608, 17)
(609, 17)
(610, 17)
(611, 17)
(612, 17)
(613, 17)
(614, 17)
(615, 17)
(616, 17)
(617, 17)
(618, 17)
(619, 17)
(620, 17)
(621, 17)
(622, 17)
(623, 17)
(624, 17)
(625, 17)
(626, 17)
(627, 17)
(628, 17)
(629, 17)
(630, 17)
(631, 17)
(632, 17)
(633, 17)
(634, 17)
(635, 17)
(636, 17)
(637, 17)
(638, 17)
(639, 17)
(640, 17)
(641, 17)
(642, 17)
(643, 17)
(644, 17)
(645, 17)
(646, 17)
(647, 17)
(648, 17)
(649, 17)
(650, 17)
(651, 17)
(652, 17)
(653, 17)
(654, 17)
(655, 17)
(656, 17)
(657, 17)
(658, 17)
(659, 17)
(660, 17)
(661, 17)
(662, 17)
(663, 17)
(664, 17)
(665, 17)
(666, 17)
(667, 17)
(668, 17)
(669, 17)
(670, 17)
(671, 17)
(672, 17)
(673, 17)
(674, 17)
(675, 17)
(676, 17)
(677, 17)
(678, 17)
(679, 17)
(680, 17)
(681, 17)
(682, 17)
(683, 17)
(684, 17)
(685, 17)
(686, 17)
(687, 17)
(688, 17)
(689, 17)
(690, 17)
(691, 17)
(692, 17)
(693, 17)
(694, 17)
(695, 17)
(696, 17)
(697, 17)
(698, 17)
(699, 17)
(700, 17)
(701, 17)
(702, 17)
(703, 17)
(704, 17)
(705, 17)
(706, 17)
(707, 18)
(708, 18)
(709, 18)
(710, 18)
(711, 18)
(712, 18)
(713, 18)
(714, 18)
(715, 18)
(716, 18)
(717, 18)
(718, 18)
(719, 18)
(720, 18)
(721, 18)
(722, 18)
(723, 18)
(724, 18)
(725, 18)
(726, 18)
(727, 18)
(728, 18)
(729, 18)
(730, 18)
(731, 18)
(732, 18)
(733, 18)
(734, 18)
(735, 18)
(736, 18)
(737, 18)
(738, 18)
(739, 18)
(740, 18)
(741, 18)
(742, 18)
(743, 18)
(744, 18)
(745, 18)
(746, 18)
(747, 18)
(748, 18)
(749, 18)
(750, 18)
(751, 18)
(752, 18)
(753, 18)
(754, 18)
(755, 18)
(756, 18)
(757, 18)
(758, 18)
(759, 18)
(760, 18)
(761, 18)
(762, 18)
(763, 18)
(764, 18)
(765, 18)
(766, 18)
(767, 18)
(768, 18)
(769, 18)
(770, 18)
(771, 18)
(772, 18)
(773, 18)
(774, 18)
(775, 18)
(776, 18)
(777, 18)
(778, 18)
(779, 18)
(780, 18)
(781, 18)
(782, 18)
(783, 18)
(784, 18)
(785, 18)
(786, 18)
(787, 18)
(788, 18)
(789, 18)
(790, 18)
(791, 18)
(792, 18)
(793, 18)
(794, 18)
(795, 18)
(796, 18)
(797, 18)
(798, 18)
(799, 18)
(800, 18)
(801, 18)
(802, 18)
(803, 18)
(804, 18)
(805, 18)
(806, 18)
(807, 18)
(808, 18)
(809, 18)
(810, 18)
(811, 18)
(812, 18)
(813, 18)
(814, 18)
(815, 18)
(816, 18)
(817, 18)
(818, 18)
(819, 18)
(820, 18)
(821, 18)
(822, 18)
(823, 18)
(824, 18)
(825, 18)
(826, 18)
(827, 18)
(828, 18)
(829, 18)
(830, 18)
(831, 18)
(832, 18)
(833, 18)
(834, 18)
(835, 18)
(836, 18)
(837, 18)
(838, 18)
(839, 18)
(840, 18)
(841, 18)
(842, 18)
(843, 18)
(844, 18)
(845, 18)
(846, 18)
(847, 18)
(848, 18)
(849, 18)
(850, 18)
(851, 18)
(852, 18)
(853, 18)
(854, 18)
(855, 18)
(856, 18)
(857, 18)
(858, 18)
(859, 18)
(860, 18)
(861, 18)
(862, 18)
(863, 18)
(864, 18)
(865, 18)
(866, 18)
(867, 18)
(868, 18)
(869, 18)
(870, 18)
(871, 18)
(872, 18)
(873, 18)
(874, 18)
(875, 18)
(876, 18)
(877, 18)
(878, 18)
(879, 18)
(880, 18)
(881, 18)
(882, 18)
(883, 18)
(884, 18)
(885, 18)
(886, 18)
(887, 18)
(888, 19)
(889, 19)
(890, 19)
(891, 19)
(892, 19)
(893, 19)
(894, 19)
(895, 19)
(896, 19)
(897, 19)
(898, 19)
(899, 19)
(900, 19)
(901, 19)
(902, 19)
(903, 19)
(904, 19)
(905, 19)
(906, 19)
(907, 19)
(908, 19)
(909, 19)
(910, 19)
(911, 19)
(912, 19)
(913, 19)
(914, 19)
(915, 19)
(916, 19)
(917, 19)
(918, 19)
(919, 19)
(920, 19)
(921, 19)
(922, 19)
(923, 19)
(924, 19)
(925, 19)
(926, 19)
(927, 19)
(928, 19)
(929, 19)
(930, 19)
(931, 19)
(932, 19)
(933, 19)
(934, 19)
(935, 19)
(936, 19)
(937, 19)
(938, 19)
(939, 19)
(940, 19)
(941, 19)
(942, 19)
(943, 19)
(944, 19)
(945, 19)
(946, 19)
(947, 19)
(948, 19)
(949, 19)
(950, 19)
(951, 19)
(952, 19)
(953, 19)
(954, 19)
(955, 19)
(956, 19)
(957, 19)
(958, 19)
(959, 19)
(960, 19)
(961, 19)
(962, 19)
(963, 19)
(964, 19)
(965, 19)
(966, 19)
(967, 19)
(968, 19)
(969, 19)
(970, 19)
(971, 19)
(972, 19)
(973, 19)
(974, 19)
(975, 19)
(976, 19)
(977, 19)
(978, 19)
(979, 19)
(980, 19)
(981, 19)
(982, 19)
(983, 19)
(984, 19)
(985, 19)
(986, 19)
(987, 19)
(988, 19)
(989, 19)
(990, 19)
(991, 19)
(992, 19)
(993, 19)
(994, 19)
(995, 19)
(996, 19)
(997, 19)
(998, 19)
(999, 19)
(1000, 19)

Process finished with exit code 0
